function Temperature_data ()
global eps_short_Minissale eps_inter_Minisscale eps_long_Minisscale ...
    eps_inter_Brodu eps_Matsumoto eps_Rudkin eps_Worthing


eps_short_Minissale=[42.4414877224123	0.0290515281126256;
158.900815162101	0.0448123776548966;
276.739272013791	0.0663629270290222;
461.489739250979	0.100779476029492;
589.347813619897	0.136160975001937;
724.586213116941	0.165109474161210];

eps_inter_Minisscale=[43.0748476190291	0.0164328533005414;
156.923199532448	0.0226371231595833;
277.685487788785	0.0375273708212839;
460.214257141816	0.0614138097785951;
593.487073113920	0.0871615296936189;
721.150549213465	0.111668395636834];

eps_long_Minisscale=[38.4041165575922	0.0138521791499818;
160.254095079644	0.0207320506696842;
273.450686011533	0.0382444509016538;
457.416565552067	0.0651384941150357;
610.290223741418	0.0845272229432877;
706.317122860751	0.113297594752952];

eps_inter_Brodu=[853.435010111404	0.0671765039816219;
884.532974735949	0.0814107803982149;
925.209088829692	0.110310674940995;
1024.28177985378	0.159483629834680;
1125.40482119606	0.201755117374866;
1160.32577330153	0.222459519435365;
1240.15353352908	0.248771363720582;
1343.65781745995	0.259986248170019;
1349.31253000901	0.275514549715393;
1427.42674097927	0.284141383907268;
1554.48937280260	0.288886142712799;
1591.79747628719	0.278102599972956;
1541.13550617683	0.264299665265956];

eps_Matsumoto=[1833.14342537302	0.238727566457670;
1959.11247628506	0.253061657066678;
2079.37561199899	0.265287793174361;
2163.37037985451	0.273719611179660;
2258.82317984874	0.282994610985488;
2354.32218158546	0.288896883589197;
2447.85760926616	0.298593474295290;
2541.46233956060	0.303230974198205;
2682.83389637683	0.309554837702179;
2789.79093025227	0.316300292106417;
2915.86971030273	0.322624155610391;
3080.15733139638	0.330634382715425;
3252.14909305103	0.334428700817809;
3424.08887774538	0.342017337022578];


eps_Rudkin=[1363.99844067176	0.276691419539707;
1683.15550563904	0.312580567407514;
1961.84070865168	0.333088651903403;
2244.49993831179	0.346333456473666;
2542.70996149517	0.355732995200948;
2819.70956852185	0.357869254002604];


eps_Worthing=[1345.00960877660	0.196286114202270;
1869.28526423188	0.268633333484434;
2416.00260271687	0.318788154213787;
2958.98067404844	0.348082120303497;
3500.04351098436	0.370274518856308];

end
