function GetCreepData()
global epsdot_Conway epsdot_Klopp1 epsdot_Klopp2 epsdot_Green epsdot_Harris ...
    epsdot_King tr_Conway tr_Harris tr_Green tr_Klopp ...
    epsdot_Flagella epsdot_Klopp epsdot_Green2 epsdot_King2 epsdot_Gilbert

%%%%% DATA FROM WEBER ARE SUSPECT  %%%%%%%%%%%%%%%%%  NEEDS VERIFICATIONS
epsdot_Conway=[-2.25544366523909	-10.9371917865206;
-2.11747966161209	-10.0482043413944;
-2.08690121797647	-10.1259196166554;
-2.07358907501759	-9.44862908900662;
-2.02119225470191	-9.66203938081613;
-2.02545665303958	-9.29425617696125;
-2.06242677974810	-9.56875674374584;
-2.02995703882007	-9.73360796210899;
-1.95195293681877	-9.86599243656653;
-1.96948312037390	-9.44625345221609;
-1.92571580372108	-9.10114931725929;
-1.93511206842088	-9.46303977480589;
-1.90266390605429	-9.70193243212298;
-1.85317587300094	-8.85504582399307;
-1.82624462951014	-8.89644069769604;
-1.77322010999795	-8.66660204511806;
-1.76025139457024	-8.79835714486683;
-1.72666796010991	-8.32975170991351;
-1.64311337258169	-8.54445839627904;
-1.62724953349361	-8.30603327445990;
-1.56035119778204	-8.29022697820233;
-1.50355762287100	-7.87943410578379;
-1.55454176951779	-7.48405192266301;
-1.42642265737230	-7.80613892541311;
-1.44863658756969	-7.51798421053334;
-1.39657471165969	-7.40331213859422;
-1.34084208268630	-7.44498573538251;
-1.24586044806463	-6.70548843470443;
-1.27829182710565	-6.40900799153427;
-1.23269992320187	-6.17909741041815;
-1.18723988828468	-6.40166228957612;
-1.18635636607446	-6.55798098510172;
-1.05330895025700	-5.90934741023646;
-1.02273092988221	-6.18935621817121;
-0.987075953523283	-4.98858120236343;
-0.902621060459266	-5.30201879840149;
-0.871873856827396	-4.43641543656089;
-0.770009887168550	-4.05515661718491;
-0.692781378202888	-3.56444664734552];

epsdot_Klopp1=[-1.35300472555888	-7.87913123330774;
-1.31525848362280	-7.43056356309233;
-1.26368053470567	-7.22107793459148;
-1.25055893061563	-7.09086954341012;
-1.20311392824246	-7.03340185550693;
-1.15401448109499	-6.91078249113624;
-1.15393218090851	-6.62838997628837;
-1.10817960801109	-6.76640897170554;
-1.11295090856554	-6.30294813312965;
-1.07292241915063	-6.44091173419054;
-0.990197015043889	-5.97829763791783;
-0.979482163842992	-5.68876716458900;
-0.945196750261312	-5.89184287472004;
-0.941017377971134	-5.58052659241332;
-0.906725633605879	-5.76187980140221;
-0.908236580619142	-5.33465478531444;
-0.869856205194953	-5.51604756170068;
-0.868943517229539	-5.19021795804799;
-0.836278784243091	-5.34259200522175;
-0.829627240966828	-4.96613195992700;
-0.801862534467525	-5.09673602508181;
-0.799284850421854	-4.66955057639138;
-0.932702948875805	-5.10995153579488;
-0.977665228956931	-5.06607129213980;
-0.825268496475355	-4.03934481192619;
-0.792443383638337	-3.64141549683231;
-0.772082528530142	-3.92400584866690;
-0.747381921281200	-3.34497655592713;
-0.717233674765864	-3.71455187408393;
-0.663982288723709	-3.37474706568915;
-0.625418320575841	-2.92618730895320];

epsdot_Klopp2=[-1.65244771398297	-7.18991495346527;
-1.31874438489165	-7.46550341732847;
-1.19890599412239	-6.70002277934378;
-1.14298572353675	-6.35759325393956;
-1.07338341213911	-5.97494664252153;
-1.02545217161506	-5.68287666999862;
-1.05261340390172	-5.06728405324299;
-0.980738591956666	-4.70483418019593;
-0.969458404892708	-5.08826352547004];

epsdot_Green=[-1.38238227188192	-9.41340161254333;
-1.33773447562448	-9.18162727194884;
-1.30101241043438	-9.15102179130097;
-1.27036632550041	-8.97329344735081;
-1.25111087071433	-8.88833743791286;
-1.25453516550876	-8.64061745579785;
-1.21086074422088	-8.74940310564073;
-1.18005900952353	-8.03760151108167;
-1.11190922689205	-8.14662401926013;
-1.02451526844284	-8.20939147818970;
-1.07943594908358	-7.69800587243916;
-1.04974744856347	-7.80665617466171;
-1.02168988686838	-7.51279957246559;
-0.903715261501701	-7.62230425654149;
-0.781065503749342	-6.68692531164437];

epsdot_King=[-1.24948798924130	-7.08494638575350;
-1.16836011573823	-6.51346964771074;
-1.10928646592375	-6.07383990781126;
-0.958446828890295	-5.11314511311449;
-0.883699624334070	-4.50387507634415;
-0.805608593698996	-4.60524826351124;
-0.808260562093677	-3.95749765216811;
-0.701632005630286	-3.61265699683871;
-0.675995700236509	-3.37393860476672;
-0.535159134038000	-2.62067053290995;
-0.514451971006002	-2.23726682990634;
-0.440337976595155	-1.36386981306695;
-0.379944757157893	-1.27012538778158;
-0.370152450915475	-1.78588467305393;
-0.293697136791978	-0.189322266377554;
-0.250225565031349	0.325921562010894;
-0.151245930541144	1.23052090222239];

epsdot_Harris=[-0.354936931706362	-2.85314785793970;
-0.220194931362148	-2.43287877208114;
-0.207871613744829	-2.39665552648490;
-0.193849404725861	-2.16419920282635;
-0.184788297530659	-2.05525938043448;
-0.0936359952131567	-1.92530848685795;
-0.0426395967053175	-1.56964546600690;
-0.0269884007937460	-1.38081591094805;
0.279817193610323	0.774959711069636;
0.306169075201979	1.06544472093006;
0.326730533294375	1.20334725241051;
0.359714869971519	1.71909159897549];

tr_Conway=[0.123967195666990	52.8431177720368;
0.287775464503540	50.6910836393124;
0.294259609599002	49.2048888779287;
0.375304610317343	49.1291847101448;
0.272705312393098	44.9982668215788;
0.314506909379118	43.8540922582144;
0.445406297674616	45.7350897204548;
0.473236414588210	47.0216327605313;
0.423298944631995	51.4305356091786;
0.470829505666529	50.3405443973509;
0.506954220095385	49.5230323879475;
0.566911176958958	48.6501837939846;
0.559747491827298	45.0777468974857;
0.553758120322034	43.1193340184598;
0.591884252061344	42.9908973406839;
0.596486023832781	41.7756315416265;
0.677600466539589	42.2077219145063;
0.872438565715928	37.4667251563715;
0.824738119816752	44.2875776710411;
0.910377452093480	42.9422011462715;
0.992347155982210	38.0242057681254;
0.987090972960934	40.9437984862549;
1.03901508518569	36.6241521329273;
1.03874087695692	40.5269231830515;
1.05393369380095	39.3739406174343;
1.13135917130162	38.3875474303436;
1.18284307951161	36.7568279420101;
1.28352582735847	34.5095811935578;
1.30132729949768	34.7086343049162;
1.31526149006557	36.1677845411430;
1.44576569604933	33.3969576666698;
1.38172179023404	31.8014755116430;
1.53546750747037	33.5624754268310;
1.46147646176992	30.1235575379546;
1.59880330467955	29.9799133997208;
1.64899916963867	30.7462150854869;
1.65675894733109	28.4104022309595;
1.75445166981745	27.9302699260149;
1.81963023037249	26.0070774194169;
1.84298835891777	25.4837494388937];

tr_Klopp=[1.13639805737676	40.4734530540154;
1.17006702594662	41.4924167881226;
1.20612534892936	40.3687051517980;
1.23305354756798	41.1328625503416;
1.21538104518423	39.3990807142897;
1.32375832443311	37.5073398788401;
1.32637440590707	37.0226061425302;
1.38940627294064	36.9946402315736;
1.54575202209604	32.8054043240633;
1.52109458217682	29.0313405464704;
1.55586404902005	28.2902831473419;
1.70285469082457	34.1511427950828];

tr_Green=[1.09763587971723	40.4926974869161;
1.08788149995235	38.7651798399992;
1.11384667095874	38.8135354139288;
1.14676784331551	39.1084622198087;
1.14485724960912	37.7920429024566;
1.18985184391504	37.7902875866840;
1.21569774346508	36.9664706360717;
1.21985536640097	35.7320954530554;
1.24237291719747	35.8793225634875;
1.29257719870046	36.0090133942292;
1.32450256691698	35.3495210047962;
1.39964020880871	34.3098508482553;
1.42473334794086	34.3088719221513;
1.54833570839679	33.3331357670223;
1.61636432140924	30.9278805734585;
1.70184482393067	29.5915958074100];

tr_Harris=[2.32009563903692	22.2008676815414;
2.38699790490232	21.6788081436174;
2.44415274344254	21.0148139196947;
2.54079648567476	19.0969076086262];

%%%%%%%%%%%%%%%%%  DATA FROM ROBINSON & SHERBY %%%%%%%%%%%%%%%%%%%%%%%%

