function ReadT91Data()
global T91s100T873 T91s125T873 T91s150T873 T91s200T873 T91s225T873 T91s250T873 .....
    T91s100T923 T91s100T973 


%%%% Source : Creep rupturebehavior of Grade 91 steel,
%%% Shrethta et al., Materials Science & EngineeringA565(2013)382–391 %%%%%%%%
%%% Data: [log10(time-hrs) log10 (strain rate) ] %%%%%%%%%%%%%%%%%%
T91s100T873=[
-2.013622231	-5.359214075	;
-1.921971759	-5.402656601	;
-1.833977959	-5.503226933	;
-1.711855921	-5.532574344	;
-1.604557055	-5.718993087	;
-1.51650431	-5.840995386	;
-1.439932435	-5.948637384	;
-1.344389512	-6.020679975	;
-1.305975862	-6.120936904	;
-1.206619082	-6.193003603	;
-1.160577716	-6.293308747	;
-1.003934478	-6.394313022	;
-0.942637681	-6.494714599	;
-0.816583897	-6.566950053	;
-0.755208508	-6.695927587	;
-0.644351211	-6.789498577	;
-0.548631455	-6.925837071	;
-0.429969608	-7.083752181	;
-0.303935472	-7.148843646	;
-0.238824818	-7.24926933	;
-0.104986134	-7.378704915	;
0.063216566	-7.522645449	;
0.208477176	-7.645009368	;
0.330776046	-7.738652682	;
0.460761577	-7.85377618	;
0.583178337	-7.99028343	;
0.759087344	-8.162848137	;
0.896680942	-8.270875862	;
0.984674742	-8.371446194	;
1.099365546	-8.472185282	;
1.210104955	-8.522892337	;
1.359218718	-8.659568342	;
1.466163918	-8.717395279	;
1.580854722	-8.818134366	;
1.714713054	-8.95471394	;
1.898033648	-9.048742981	;
2.047226004	-9.213994944	;
2.207663451	-9.307879338	;
2.375905447	-9.46610785	;
2.486860986	-9.595398787	;
2.597580747	-9.638961853	;
2.708261212	-9.66823694	;
2.819000621	-9.718943996	;
2.90300373	-9.755194317	;
2.990761753	-9.770036778	;
3.074666621	-9.770567153	;
3.192896209	-9.771314499	;
3.299664576	-9.764845533	;
3.402658381	-9.772640437	;
3.498004822	-9.773243135	;
3.60854775	-9.752510298	;
3.657852826	-9.652807852	;
3.672617054	-9.474304553	;
3.69477322	-9.2101216	;
3.694203424	-9.002945912	;
3.708889059	-8.795866656	;
];

T91s125T873=[-1.9680249	-5.145993059	;
-1.860381176	-5.273444993	;
-1.729095769	-5.415692135	;
-1.537408208	-5.611979399	;
-1.427112863	-5.715107009	;
-1.303684798	-5.828077194	;
-1.201270014	-5.926273068	;
-1.106786872	-6.073096694	;
-0.928194881	-6.220589029	;
-0.786437662	-6.406741157	;
-0.649900096	-6.553899138	;
-0.550127645	-6.666681248	;
-0.424071178	-6.77967233	;
-0.279625188	-6.90254778	;
-0.182476495	-7.010439949	;
-0.04853018	-7.118624678	;
0.067045188	-7.197448862	;
0.187872714	-7.281183884	;
0.282411581	-7.369578979	;
0.379602069	-7.43364975	;
0.516232512	-7.483426846	;
0.610799242	-7.542607675	;
0.718489404	-7.621369167	;
0.807799331	-7.680508202	;
0.918071457	-7.807981033	;
0.988963998	-7.886449965	;
1.1098101	-7.95070881	;
1.191211603	-8.034130375	;
1.327814183	-8.113121736	;
1.440779724	-8.172448846	;
1.530103582	-8.216980748	;
1.632546229	-8.285962357	;
1.708686286	-8.374211172	;
1.769088439	-8.428251293	;
1.821628608	-8.457883502	;
1.866283571	-8.48745302	;
1.921428922	-8.541451347	;
1.973941227	-8.600297822	;
2.026453532	-8.659144296	;
2.0684383	-8.732514314	;
2.147271771	-8.752617407	;
2.19194531	-8.762710747	;
2.244504053	-8.772866779	;
2.31022338	-8.763651121	;
2.354924781	-8.744530196	;
2.381208797	-8.744739168	;
2.41279141	-8.701168536	;
2.426026294	-8.603892137	;
2.460283747	-8.511651961	;
2.473513987	-8.419244606	;
2.489428355	-8.268429619	;
2.500113782	-8.088358571	;
2.505505256	-7.947198083	;
2.521438199	-7.776906919	;
2.537306129	-7.674782373	;
2.532174709	-7.543276385	;
 ];

T91s150T873=[
-1.949433916	-4.992926834	;
-1.848489942	-5.081457103	;
-1.741248474	-5.187582983	;
-1.656112381	-5.299381628	;
-1.523714405	-5.510980769	;
-1.331253175	-5.641178248	;
-1.208276339	-5.800065859	;
-1.075800272	-5.929786424	;
-0.943307472	-6.041961579	;
-0.823471016	-6.183278681	;
-0.694129751	-6.289580266	;
-0.577389052	-6.366539099	;
-0.463811045	-6.449321302	;
-0.378619172	-6.502635249	;
-0.277647308	-6.56192317	;
-0.220841571	-6.585768862	;
-0.154564492	-6.609689856	;
-0.069389353	-6.680549212	;
0.022144637	-6.704671012	;
0.063153649	-6.74008814	;
0.145205141	-6.775831578	;
0.296651781	-6.876460398	;
0.384978456	-6.953193325	;
0.489073966	-7.047597165	;
0.56795161	-7.100860911	;
0.67838366	-7.171921073	;
0.769895338	-7.219436752	;
0.861390282	-7.28449784	;
0.968665218	-7.355532902	;
1.06647439	-7.420644191	;
1.189479115	-7.550289454	;
1.293619248	-7.597905536	;
1.388265729	-7.668840194	;
1.473446445	-7.733851081	;
1.574401575	-7.810684411	;
1.659571136	-7.887392237	;
1.710029178	-7.946278546	;
1.807832772	-8.017238306	;
1.886699261	-8.082198991	;
1.990839394	-8.129815073	;
2.063453013	-8.13039239	;
2.164458344	-8.154589492	;
2.221297549	-8.143344365	;
2.278103287	-8.167190058	;
2.334953648	-8.144247992	;
2.385657119	-7.945801632	;
2.411231973	-7.612639663	;
2.424139325	-7.32031658	;
2.443394373	-6.992952879	;
2.453222702	-6.618726118	;
2.459826983	-6.314655893	;
];

T91s200T873=[ 
-1.962097192	-4.948187575	;
-1.843766289	-5.104594218	;
-1.730332769	-5.2198092	;
-1.6440202	-5.30280088	;
-1.552766638	-5.381259319	;
-1.409722045	-5.505854774	;
-1.244401554	-5.566611985	;
-1.155611947	-5.640478309	;
-1.029801958	-5.71921149	;
-0.899072781	-5.816273881	;
-0.770785754	-5.885881706	;
-0.647409193	-5.92801534	;
-0.519091639	-5.965615733	;
-0.378449948	-6.021604208	;
-0.252605072	-6.063757467	;
-0.126760195	-6.105910725	;
-0.008302823	-6.129715149	;
0.100263841	-6.171731037	;
0.240936058	-6.19571208	;
0.344561728	-6.242261209	;
0.44326821	-6.270481128	;
0.522232523	-6.293971561	;
0.613542778	-6.312987626	;
0.702375995	-6.341129047	;
0.788767061	-6.341815902	;
0.857879915	-6.342365386	;
0.949207614	-6.343091489	;
1.042994907	-6.352982198	;
1.134348772	-6.32627336	;
1.225702636	-6.299564521	;
1.334395768	-6.20897819	;
1.386335072	-6.099650535	;
1.443280783	-5.917202284	;
1.48298753	-5.693464249	;
1.51525008	-5.510819753	;
1.530273665	-5.286885474	;
1.550229522	-5.067562934	;
1.557869964	-4.82070733	;
1.567913307	-4.642458705	;  
];

T91s225T873=[
   -1.974566789	-4.688261665	;
-1.745781987	-4.969742849	;
-1.527141894	-4.971481154	;
-1.397035772	-5.011089666	;
-1.319023603	-5.088858104	;
-1.189018652	-5.234544587	;
-1.058857345	-5.216292388	;
-0.965200435	-5.265254635	;
-0.876740044	-5.304532042	;
-0.653022998	-5.441320061	;
-0.595778511	-5.461062235	;
-0.777914207	-5.392109485	;
-0.486532044	-5.539079002	;
-0.356343145	-5.491896448	;
-0.200254426	-5.57992916	;
-0.07535402	-5.619496285	;
0.044386656	-5.610804761	;
0.14325848	-5.650164945	;
0.242176291	-5.641307869	;
0.393142069	-5.642508127	;
0.512891943	-5.624173152	;
0.585845553	-5.547604972	;
0.679704806	-5.384411278	;
0.73713324	-5.211284415	;
0.810279995	-4.932203747	;
0.852174056	-4.672161653	;
0.862833818	-4.41187123	;
0.873475186	-4.17086771	; 
    ];

T91s250T873=[
    -1.992587376	-4.393763794	;
-1.920836757	-4.456413426	;
-1.810779107	-4.510499166	;
-1.753458118	-4.643981706	;
-1.624268097	-4.715956466	;
-1.605152643	-4.75158226	;
-1.509406209	-4.752343495	;
-1.42806403	-4.797332477	;
-1.332368345	-4.851304032	;
-1.222395276	-4.994073638	;
-1.155448896	-5.074421982	;
-1.064523616	-5.110618701	;
-0.978334909	-5.093567039	;
-0.887392712	-5.112026986	;
-0.82515753	-5.112521788	;
-0.705491403	-5.131210105	;
-0.648035085	-5.12279846	;
-0.56188021	-5.141220344	;
-0.470904181	-5.124206744	;
-0.413481695	-5.151268645	;
-0.332114142	-5.169652468	;
-0.255483162	-5.134787909	;
-0.183639504	-5.099885289	;
-0.097467713	-5.100570401	;
-0.020819816	-5.047969069	;
0.05582808	-4.995367737	;
0.094118196	-5.004540618	;
0.11332669	-4.942614158	;
0.170876048	-4.83665026	;
0.218893054	-4.686268305	;
0.276535453	-4.482752154	;
0.329382071	-4.288066328	;
0.315155437	-4.146057957	;
0.334566927	-3.871290219	;
0.358731906	-3.632034089	;
];

