function W_resistivity_data ()
global rho_Rudkin rho_Forsythe rho_Desai

rho_Desai=[10 0.000137;
    15 0.000567;
    20 0.00196;
    30 0.0133;
    40 0.0543
    50 0.141;
    60 0.266;
    70 0.422;
    80 0.606;
    90 0.809;
    100 1.02;
    200 3.18;
    250 4.3;
    273 4.82;
    300 5.44;
    400 7.83;
    500 10.35
    600 13;
    700 15.76;
    800 18.61;
    900 21.53;
    1000 24.51;
    1100 27.57
    1200 30.68;
    1300 33.84;
    1400 37.07;
    1500 40.33;
    1600 43.65;
    1700 47.01;
    1800 50.41;
    1900 53.85;
    2000 57.33;
    2200 64.41;
    2400 71.63;
    2600 79.0;
    2800 86.51;
    3000 94.18;
    3200 102;
    3400 100;
    3600 118.3;
    3660 120.8];

rho_Rudkin=[1540.61340091718	39.6296753226153;
1810.31523068626	51.1882043165772;
2079.63073278886	57.1008505553461;
2345.26202250993	67.2737462856499;
2610.41110762539	81.4944817886690];


rho_Forsythe=[300 7.18;
    400 10.26;
    500 13.66;
    600 17.23;
    800 24.80;
    900 28.75;
    1000 32.73;
    1100 36.84;
    1200 40.80;
    1300 44.90;
    1400 49.10;
    1500 53.35;
    1600 57.6;
    1700 61.95;
    1800 66.35;
    1900 70.75;
    2000 75.20;
    2100 79.80;
    2200 84.40;
    2300 89.00
    2400 93.65;
    2500 98.40;
    2600 103.20;
    2700 107.80;
    2800 112.70;
    2900 117.50;
    3000 122.50;
    3100 127.40;
    3200 132.20;
    3300 137.30;
    3400 142.20
    3500 147.2;
    3655 155.0];

end
