function ReadF82HData ()
global F82Hs78T873 F82Hs60T973

%%%% Source : Creep Behavior of Double Tempered 8%Cr-2%WVTa Martensitic Steel
%%% Manabu Tamura1,, Materials Transactions, Vol. 47, No. 5 (2006) pp. 1332 to 1340%%%%%%%%

%%% Data: time (hrs) strain  %%%%%%%%%%%%%%%%%%
F82Hs78T873=[0 0 ;
5.59531939240655	0.741121507726122;
22.9281822230312	0.875515612127440;
45.1283677658956	1.56680122884877;
63.0049748594963	1.56144494207915;
79.2564358536789	1.55657559047041;
101.999351211268	2.17790485574612;
139.920441312613	2.09674899560040;
163.745772954895	2.78754767716085;
202.203506181453	3.05519970392147;
226.574610983216	3.46665991486032;
267.198191227413	3.80345673446511;
289.400405666782	4.35515427173578;
322.983715043337	4.55447306425370;
358.182026036792	5.45124531886403;
381.469700105609	5.86303015324346;
404.211601014947	6.55415345824449;
422.071976936518	7.66550180708014;
447.511295747449	9.12354799045832;
469.148462510553	11.2806707531318;
481.562265768094	14.4176693712049;
485.854396321551	17.2779265061810;
490.151599116268	19.7892134425305;
492.284983789849	22.0917675065852;
492.253535894042	24.2553827380704;
491.130541679276	26.9776749107987];


%%%% Source : Creep strength and microstructure of F82H steels near tempering
%%% temperature, K. Shinozuka et al., Journal of Nuclear Materials 464 (2015) 155–159 %%%%%%%

%%% Data: time (hrs) strain  %%%%%%%%%%%%%%%%%%
F82Hs60T973=[0 0 ;
0.976014139	0.33984666;
1.240129469	0.463081362;
1.585082396	0.432272687;
2.098167813	0.493890038;
2.859577472	0.61712474;
4.590257128	0.647933416;
7.113825263	0.863594145;
10.45859125	1.325724279;
16.11205513	1.757045738;
27.41183765	2.311601899;
37.78082515	3.297479518;
52.37720114	4.283357138;
59.53500703	5.115191379;
70.88079906	6.686433835;
78.69031398	7.887972184;
86.31643348	9.705684045;
91.39228252	12.07795207;
98.46130127	14.75830685;
101.2615742	16.91491414;
101.1464183	19.00990408;
105.2563573	20.98165932;
103.3478308	22.3988584];

end