function ReadHT9Data()
global HT9s26T873 HT9s39T873 HT9s53T873 HT9s66T873 HT9s105T873 ...
    HT9s227T823 HT9s363T773 


%%%% Source : Thermal creep modeling of HT9 steel for fast reactor applications,
%%% Ryu, Ho Jin and Kim, Yeon Soo and Yacout, AM, JNM 409 (2011) 207–213 %%%%%%%%

%%% Data: time (hrs) strain stress(Mpa) temerature (K)  %%%%%%%%%%%%%%%%%%
HT9s105T873=[0 0 105 873;
274.421557623588	0.650142293657351 105 873;
507.747049568672	0.928091759149803 105 873;
1026.29371142662	1.23090067402742 105 873;
1473.84266917120	1.44526610368762 105 873;
1971.86766627654	1.78605823818421 105 873;
2460.45995352633	1.92445722860648 105 873;
2938.72042646947	2.10082366488541 105 873;
3518.92672515904	2.26438180617656 105 873;
3935.76416770506	2.51674622921803 105 873;
4465.11585673867	2.65508212459109 105 873;
4974.13516616727	2.78079901012397 105 873;
5431.96861693161	2.96984755129229 105 873;
5971.32087126356	3.15876990236221 105 873;
6490.15146084291	3.38567547305110 105 873;
7466.34228831759	3.92813515855620 105 873;
8025.31710295104	4.31943487993814 105 873;
8512.67903674141	4.78674836184492 105 873;
8989.23594335613	5.41853486325626 105 873;
];

HT9s227T823=[0 0 227 823 ;
237.363776524877	0.914443756573964 227 823 ;
465.808194278724	1.26312961009176 227 823 ;
540.292773053059	1.50375558359617 227 823 ;
702.677740899698	1.70810520605486 227 823 ;
806.301459641224	1.94867751631807 227 823 ;
1067.58778100451	2.02042526979162 227 823 ;
2054.29379679967	2.31956206394224 227 823 ;
3037.29704895259	2.89558329489592 227 823 ;
4013.16309002698	3.27900715321192 227 823 ;
5017.84629162143	3.68645425583483 227 823 ;
5501.88872717222	3.80594440622210 227 823 ;
5953.89420773145	4.14218038778337 227 823 ;
6331.25411979278	4.24982884961429 227 823 ;
6666.22007131251	4.62239484546247 227 823 ;
6923.80362903355	4.97102703573907 227 823 ;
7258.60859082971	5.35563148536130 227 823 ;
7650.88688394238	5.80032087737138 227 823 ;
7889.41999104030	6.84720127428970 227 823 ;
8250.19796157334	8.19481047484735 227 823 ;
];

HT9s363T773=[0 0 363 773;
38.7743199398650	0.496636578159883 363 773;
184.367730143759	0.845790225787131 363 773;
392.548499815023	0.893270489643570 363 773;
591.417187522007	1.08008069086162 363 773;
801.916188819196	1.11595769559294 363 773;
820.344575444829	1.30188232517521 363 773;
996.084785650879	1.47696437896052 363 773;
1192.62055843422	1.71022167712662 363 773;
1393.75363900882	2.01318935790355 363 773;
1502.37280957969	2.26924444894954 363 773;
1599.38124429065	2.62977428605171 363 773;
1696.30647364786	3.18775253748372 363 773;
1795.46183484468	3.94319055672807 363 773;
1891.88293764685	5.69747390674674 363 773;
1995.75307301668	6.24387160601864 363 773;
2036.12871773888	7.41286711808380 363 773;
];

HT9s26T873=[0 0 26 873;
567.044212879017	0.0695513847791773 26 873;
1116.14059863833	0.0905216930464415 26 873;
5044.86559740262	0.147096220124329 26 873;
7505.05121868035	0.166590147721923 26 873;
9546.81281626000	0.209772698210337 26 873;
13726.5542108568	0.254514002538831 26 873;
];

HT9s66T873=[0 0 66 873;
61.0485648752746	0.185523011506641 66 873;
190.558800477518	0.218694228748310 66 873;
497.186888371031	0.268441875008617 66 873;
909.862070404071	0.340627367858362 66 873;
4975.44867729970	0.514987630796118 66 873;
7445.90893768725	0.599692168493748 66 873;
9502.62834015510	0.671743349269253 66 873];

HT9s53T873=[0 0 53 873;
84.3006430605087	0.127653730428372 53 873;
270.655038697687	0.154065405685231 53 873;
589.886000453095	0.212398729234044 53 873;
1083.36833404152	0.227774105117289 53 873;
5151.36979215379	0.348565055339520 53 873;
7552.47129872151	0.402323814809336 53 873;
9659.92766313111	0.459409926416687 53 873;
13728.1459425559	0.568088529899724 53 873];

HT9s39T873=[0 0 39 873;
119.930563963085	0.0812116486429375 39 873;
1062.29626133047	0.144600271695200 39 873;
5132.59064108221	0.206887146891139 39 873;
7520.58153770955	0.292159079646302 39 873;
9663.63821482514	0.310600579315912 39 873;
13754.2011371134	0.386425128931984 39 873];



end