function [E,nu,sig_y,sig_u,e_u,e_tot]=F82H_Mechanical(T)

E=4.0761e11-3.5521e7*T-5.871e3*T.^2;
nu=0.28247+6.1902e-6*(T-298)+3.162e-9*T.^2;
sig_y=960.9-2.716*T+0.00496*T.^2-3.112e-6*T.^3;
sig_u=1065-2.468*T+0.004087*T.^2-2.575e-6*T.^3;
e_u=1e-2*(7.393-0.002602*T-1.649e-5*T.^2+1.282e-8*T.^3);
e_tot=1e-2*(62.09-0.2306*T+0.0003032*T.^2-1.082e-7*T.^3);
end